% Intrinsic and Extrinsic Camera Parameters
%
% This script file can be directly executed under Matlab to recover the camera intrinsic and extrinsic parameters.
% IMPORTANT: This file contains neither the structure of the calibration objects nor the image coordinates of the calibration points.
%            All those complementary variables are saved in the complete matlab data file Calib_Results.mat.
% For more information regarding the calibration model visit http://www.vision.caltech.edu/bouguetj/calib_doc/


%-- Focal length:
fc = [ 657.324975426345304 ; 657.787573130438091 ];

%-- Principal point:
cc = [ 303.063099327317843 ; 242.506444623617796 ];

%-- Skew coefficient:
alpha_c = 0.000000000000000;

%-- Distortion coefficients:
kc = [ -0.253422986538661 ; 0.119733715893454 ; -0.000275666313322 ; 0.000013461217109 ; 0.000000000000000 ];

%-- Focal length uncertainty:
fc_error = [ 0.283216408523218 ; 0.287726111633127 ];

%-- Principal point uncertainty:
cc_error = [ 0.575392947170250 ; 0.550233577843396 ];

%-- Skew coefficient uncertainty:
alpha_c_error = 0.000000000000000;

%-- Distortion coefficients uncertainty:
kc_error = [ 0.002297024410496 ; 0.009364723256627 ; 0.000121039274225 ; 0.000119670219840 ; 0.000000000000000 ];

%-- Image size:
nx = 640;
ny = 480;


%-- Various other variables (may be ignored if you do not use the Matlab Calibration Toolbox):
%-- Those variables are used to control which intrinsic parameters should be optimized

n_ima = 25;						% Number of calibration images
est_fc = [ 1 ; 1 ];					% Estimation indicator of the two focal variables
est_aspect_ratio = 1;				% Estimation indicator of the aspect ratio fc(2)/fc(1)
center_optim = 1;					% Estimation indicator of the principal point
est_alpha = 0;						% Estimation indicator of the skew coefficient
est_dist = [ 1 ; 1 ; 1 ; 1 ; 0 ];	% Estimation indicator of the distortion coefficients


%-- Extrinsic parameters:
%-- The rotation (omc_kk) and the translation (Tc_kk) vectors for every calibration image and their uncertainties

%-- Image #1:
omc_1 = [ 1.654872e+00 ; 1.652035e+00 ; -6.695416e-01 ];
Tc_1  = [ -5.922537e+02 ; -2.793280e+02 ; 2.843431e+03 ];
omc_error_1 = [ 7.180923e-04 ; 8.900545e-04 ; 1.172530e-03 ];
Tc_error_1  = [ 2.491738e+00 ; 2.402136e+00 ; 1.307059e+00 ];

%-- Image #2:
omc_2 = [ 1.849091e+00 ; 1.900733e+00 ; -3.967716e-01 ];
Tc_2  = [ -5.167483e+02 ; -5.313512e+02 ; 2.525146e+03 ];
omc_error_2 = [ 7.554531e-04 ; 8.936033e-04 ; 1.434109e-03 ];
Tc_error_2  = [ 2.224489e+00 ; 2.129069e+00 ; 1.271444e+00 ];

%-- Image #3:
omc_3 = [ 1.742568e+00 ; 2.077811e+00 ; -5.051025e-01 ];
Tc_3  = [ -4.174487e+02 ; -5.821368e+02 ; 2.584886e+03 ];
omc_error_3 = [ 6.949857e-04 ; 9.468288e-04 ; 1.486369e-03 ];
Tc_error_3  = [ 2.274534e+00 ; 2.178902e+00 ; 1.213990e+00 ];

%-- Image #4:
omc_4 = [ 1.828082e+00 ; 2.116865e+00 ; -1.103143e+00 ];
Tc_4  = [ -2.148432e+02 ; -5.162991e+02 ; 2.596842e+03 ];
omc_error_4 = [ 6.258767e-04 ; 9.753427e-04 ; 1.359685e-03 ];
Tc_error_4  = [ 2.293672e+00 ; 2.174623e+00 ; 9.720138e-01 ];

%-- Image #5:
omc_5 = [ 2.180134e+00 ; 6.124194e-01 ; 6.169491e-01 ];
Tc_5  = [ -5.547895e+02 ; -1.199824e+02 ; 1.598527e+03 ];
omc_error_5 = [ 9.301681e-04 ; 5.639024e-04 ; 1.099450e-03 ];
Tc_error_5  = [ 1.442253e+00 ; 1.371556e+00 ; 1.166405e+00 ];

%-- Image #6:
omc_6 = [ -1.701466e+00 ; -1.929160e+00 ; -7.915170e-01 ];
Tc_6  = [ -4.963369e+02 ; -2.655323e+02 ; 1.482331e+03 ];
omc_error_6 = [ 5.814487e-04 ; 9.066099e-04 ; 1.244677e-03 ];
Tc_error_6  = [ 1.309424e+00 ; 1.282572e+00 ; 1.049420e+00 ];

%-- Image #7:
omc_7 = [ 1.996641e+00 ; 1.931568e+00 ; 1.310772e+00 ];
Tc_7  = [ -2.765987e+02 ; -2.590758e+02 ; 1.466871e+03 ];
omc_error_7 = [ 1.055796e-03 ; 5.711153e-04 ; 1.323549e-03 ];
Tc_error_7  = [ 1.316625e+00 ; 1.254920e+00 ; 1.081137e+00 ];

%-- Image #8:
omc_8 = [ 1.961162e+00 ; 1.824249e+00 ; 1.326623e+00 ];
Tc_8  = [ -5.670724e+02 ; -3.450895e+02 ; 1.539641e+03 ];
omc_error_8 = [ 1.015174e-03 ; 5.856872e-04 ; 1.274219e-03 ];
Tc_error_8  = [ 1.438694e+00 ; 1.364377e+00 ; 1.220125e+00 ];

%-- Image #9:
omc_9 = [ -1.363590e+00 ; -1.980307e+00 ; 3.212345e-01 ];
Tc_9  = [ -6.243332e+00 ; -7.502870e+02 ; 2.427774e+03 ];
omc_error_9 = [ 7.063833e-04 ; 9.028572e-04 ; 1.202344e-03 ];
Tc_error_9  = [ 2.156734e+00 ; 2.043079e+00 ; 1.243044e+00 ];

%-- Image #10:
omc_10 = [ -1.513003e+00 ; -2.086564e+00 ; 1.890249e-01 ];
Tc_10  = [ -9.849553e+01 ; -1.001328e+03 ; 2.866554e+03 ];
omc_error_10 = [ 8.833065e-04 ; 1.060227e-03 ; 1.624535e-03 ];
Tc_error_10  = [ 2.591390e+00 ; 2.428068e+00 ; 1.671779e+00 ];

%-- Image #11:
omc_11 = [ -1.793095e+00 ; -2.064988e+00 ; -4.798125e-01 ];
Tc_11  = [ -5.034773e+02 ; -7.847285e+02 ; 2.348553e+03 ];
omc_error_11 = [ 8.160820e-04 ; 1.000682e-03 ; 1.739602e-03 ];
Tc_error_11  = [ 2.123225e+00 ; 2.082225e+00 ; 1.712310e+00 ];

%-- Image #12:
omc_12 = [ -1.838886e+00 ; -2.087288e+00 ; -5.155083e-01 ];
Tc_12  = [ -4.449364e+02 ; -5.908701e+02 ; 2.015885e+03 ];
omc_error_12 = [ 6.895592e-04 ; 9.482805e-04 ; 1.586150e-03 ];
Tc_error_12  = [ 1.808909e+00 ; 1.759668e+00 ; 1.426770e+00 ];

%-- Image #13:
omc_13 = [ -1.918819e+00 ; -2.116579e+00 ; -5.942220e-01 ];
Tc_13  = [ -4.423068e+02 ; -4.786642e+02 ; 1.815427e+03 ];
omc_error_13 = [ 6.415693e-04 ; 9.336859e-04 ; 1.548255e-03 ];
Tc_error_13  = [ 1.625013e+00 ; 1.574849e+00 ; 1.288282e+00 ];

%-- Image #14:
omc_14 = [ -1.954213e+00 ; -2.124611e+00 ; -5.846328e-01 ];
Tc_14  = [ -4.119926e+02 ; -4.572310e+02 ; 1.635630e+03 ];
omc_error_14 = [ 6.015573e-04 ; 9.118678e-04 ; 1.509259e-03 ];
Tc_error_14  = [ 1.466355e+00 ; 1.417336e+00 ; 1.151791e+00 ];

%-- Image #15:
omc_15 = [ -2.110703e+00 ; -2.253849e+00 ; -4.953523e-01 ];
Tc_15  = [ -6.638236e+02 ; -4.484235e+02 ; 1.582789e+03 ];
omc_error_15 = [ 6.997834e-04 ; 8.668803e-04 ; 1.656891e-03 ];
Tc_error_15  = [ 1.438815e+00 ; 1.405119e+00 ; 1.234906e+00 ];

%-- Image #16:
omc_16 = [ 1.886898e+00 ; 2.336158e+00 ; -1.740139e-01 ];
Tc_16  = [ -5.310432e+01 ; -5.677677e+02 ; 2.318493e+03 ];
omc_error_16 = [ 9.595147e-04 ; 9.996466e-04 ; 2.102934e-03 ];
Tc_error_16  = [ 2.046150e+00 ; 1.939986e+00 ; 1.430154e+00 ];

%-- Image #17:
omc_17 = [ -1.612657e+00 ; -1.953292e+00 ; -3.474506e-01 ];
Tc_17  = [ -4.507324e+02 ; -4.631795e+02 ; 1.633055e+03 ];
omc_error_17 = [ 5.820653e-04 ; 8.605854e-04 ; 1.242594e-03 ];
Tc_error_17  = [ 1.445768e+00 ; 1.405319e+00 ; 1.016820e+00 ];

%-- Image #18:
omc_18 = [ -1.341670e+00 ; -1.692548e+00 ; -2.970818e-01 ];
Tc_18  = [ -6.179605e+02 ; -5.259718e+02 ; 1.469986e+03 ];
omc_error_18 = [ 6.620532e-04 ; 8.237427e-04 ; 9.742761e-04 ];
Tc_error_18  = [ 1.313148e+00 ; 1.280375e+00 ; 9.699821e-01 ];

%-- Image #19:
omc_19 = [ -1.925771e+00 ; -1.838059e+00 ; -1.440423e+00 ];
Tc_19  = [ -3.552747e+02 ; -2.652212e+02 ; 1.113399e+03 ];
omc_error_19 = [ 5.748136e-04 ; 9.907033e-04 ; 1.249681e-03 ];
Tc_error_19  = [ 1.021317e+00 ; 9.797791e-01 ; 8.974476e-01 ];

%-- Image #20:
omc_20 = [ 1.895989e+00 ; 1.593233e+00 ; 1.471833e+00 ];
Tc_20  = [ -4.796686e+02 ; -2.932089e+02 ; 1.320913e+03 ];
omc_error_20 = [ 1.024325e-03 ; 5.934621e-04 ; 1.148471e-03 ];
Tc_error_20  = [ 1.245742e+00 ; 1.168901e+00 ; 1.075769e+00 ];

%-- Image #21:
omc_21 = [ 1.930283e+00 ; 1.667550e+00 ; 1.441954e+00 ];
Tc_21  = [ -2.778209e+02 ; -2.827583e+02 ; 1.353593e+03 ];
omc_error_21 = [ 1.044681e-03 ; 6.088756e-04 ; 1.189363e-03 ];
Tc_error_21  = [ 1.231857e+00 ; 1.164610e+00 ; 1.040572e+00 ];

%-- Image #22:
omc_22 = [ 2.106234e+00 ; 1.697869e+00 ; 7.001442e-01 ];
Tc_22  = [ -6.704502e+02 ; -4.818090e+02 ; 1.808273e+03 ];
omc_error_22 = [ 8.966420e-04 ; 6.471186e-04 ; 1.432163e-03 ];
Tc_error_22  = [ 1.693119e+00 ; 1.568944e+00 ; 1.387571e+00 ];

%-- Image #23:
omc_23 = [ -1.363701e+00 ; -1.714478e+00 ; -1.445583e-01 ];
